#6
1
2.610352 6.389648
0.610352 6.389648
2.610352 4.389648
2
1.000000 4.000000
3.000000 4.000000
1.000000 6.000000
3
11.000000 6.000000
12.414214 6.000000
11.000000 7.414214
4
1.000000 2.500000
2.000000 2.500000
1.000000 3.500000
5
1.000000 1.000000
2.000000 1.000000
1.000000 2.000000
6
12.707107 4.000000
12.000000 4.707107
11.292893 4.000000
12.000000 3.292893
7
11.000000 2.000000
12.414214 2.000000
13.121320 2.707107
11.707107 2.707107
#6
1
5.123348 3.304405
7.123348 3.304405
5.123348 5.304405
2
6.307709 6.120044
4.307709 6.120044
6.307709 4.120044
3
11.000000 6.000000
12.414214 6.000000
11.000000 7.414214
4
1.000000 2.500000
2.000000 2.500000
1.000000 3.500000
5
1.000000 1.000000
2.000000 1.000000
1.000000 2.000000
6
12.707107 4.000000
12.000000 4.707107
11.292893 4.000000
12.000000 3.292893
7
11.000000 2.000000
12.414214 2.000000
13.121320 2.707107
11.707107 2.707107
#7
1
5.980396 6.453084
3.980396 6.453084
5.980396 4.453084
2
4.766520 3.666960
6.766520 3.666960
4.766520 5.666960
3
11.000000 6.000000
12.414214 6.000000
11.000000 7.414214
4
1.000000 2.500000
2.000000 2.500000
1.000000 3.500000
5
1.000000 1.000000
2.000000 1.000000
1.000000 2.000000
6
12.707107 4.000000
12.000000 4.707107
11.292893 4.000000
12.000000 3.292893
7
11.000000 2.000000
12.414214 2.000000
13.121320 2.707107
11.707107 2.707107
#7
1
7.034361 3.803965
9.034361 3.803965
7.034361 5.803965
2
7.034361 4.348899
7.034361 6.348899
5.034361 4.348899
3
9.326960 4.925580
10.326960 5.925580
8.326960 5.925580
4
5.353304 3.641792
6.060411 4.348899
4.646197 4.348899
5
8.176211 3.096858
8.883318 3.803965
7.469105 3.803965
6
9.326960 4.925580
8.619853 5.632687
7.912746 4.925580
8.619853 4.218473
7
9.619853 5.218473
11.034067 5.218473
11.741173 5.925580
10.326960 5.925580
#8
2
4.829956 3.603524
6.244170 5.017738
3.415742 5.017738
1
4.244170 5.017738
6.244170 5.017738
4.244170 7.017738
4
3.829956 3.603524
4.829956 3.603524
3.829956 4.603524
6
6.747885 4.107240
6.040778 4.814346
5.333671 4.107240
6.040778 3.400133
7
6.040778 3.400133
7.454992 3.400133
8.162098 4.107240
6.747885 4.107240
3
7.146256 4.107240
8.560469 4.107240
7.146256 5.521453
5
8.560469 4.107240
9.267576 4.814346
7.853362 4.814346
