num = 8
0.000000 0.000000
2.000000 0.000000
3.000000 0.000000
4.000000 0.000000
6.000000 2.000000
4.000000 2.000000
3.000000 2.000000
2.000000 2.000000
num = 15
0.000000 0.000000
1.000000 0.000000
1.000000 1.000000
1.500000 1.000000
1.207107 1.292893
2.621320 1.292893
1.914214 2.000000
2.500000 2.000000
0.500000 4.000000
-1.500000 2.000000
-0.914214 2.000000
-1.621320 1.292893
-0.207107 1.292893
-0.500000 1.000000
0.000000 1.000000
num = 4
0.000000 0.000000
4.000000 0.000000
6.000000 2.000000
2.000000 2.000000
num = 4
0.000000 0.000000
4.000000 0.000000
4.000000 2.000000
0.000000 2.000000
num = 14
0.000000 0.000000
1.828427 0.000000
2.828427 -1.000000
3.828427 -1.000000
2.828427 0.000000
3.535534 0.707107
3.535534 2.121320
2.828427 1.414214
2.121320 2.121320
2.121320 0.707107
1.414214 1.414214
-1.414214 1.414214
-1.000000 1.000000
-1.000000 -1.000000
num = 8
0.000000 0.000000
3.000000 0.000000
3.000000 -1.414214
4.414214 -1.414214
4.414214 1.414214
3.000000 2.828427
3.000000 1.000000
0.000000 1.000000
num = 10
0.000000 0.000000
1.000000 0.000000
2.000000 1.000000
2.000000 2.000000
1.000000 3.000000
1.000000 3.828427
0.292893 4.535534
0.292893 3.121320
-1.828427 1.000000
-1.000000 1.000000
num = 9
0.000000 0.000000
1.000000 0.000000
1.000000 1.000000
2.000000 2.000000
3.414214 0.585786
3.414214 3.414214
2.414214 4.414214
2.414214 2.414214
0.000000 4.000000
num = 9
0.000000 0.000000
2.000000 2.000000
2.000000 4.000000
1.000000 4.000000
1.000000 3.000000
0.000000 2.000000
0.000000 4.000000
-1.000000 4.000000
-1.000000 1.000000
##