8
#1
4
0.000000 0.000000
4.000000 0.000000
6.000000 2.000000
2.000000 2.000000
#2
15
0.000000 0.000000
1.000000 0.000000
1.000000 1.000000
1.500000 1.000000
1.207107 1.292893
2.621320 1.292893
1.914214 2.000000
2.500000 2.000000
0.500000 4.000000
-1.500000 2.000000
-0.914214 2.000000
-1.621320 1.292893
-0.207107 1.292893
-0.500000 1.000000
0.000000 1.000000
#3
9
0.000000 0.000000
2.000000 2.000000
2.000000 4.000000
1.000000 4.000000
1.000000 3.000000
0.000000 2.000000
0.000000 4.000000
-1.000000 4.000000
-1.000000 1.000000
#4
4
0.000000 0.000000
4.000000 0.000000
4.000000 2.000000
0.000000 2.000000
#5
14
0.000000 0.000000
1.828427 0.000000
2.828427 -1.000000
3.828427 -1.000000
2.828427 0.000000
3.535534 0.707107
3.535534 2.121320
2.828427 1.414214
2.121320 2.121320
2.121320 0.707107
1.414214 1.414214
-1.414214 1.414214
-1.000000 1.000000
-1.000000 -1.000000
#6
8
0.000000 0.000000
3.000000 0.000000
3.000000 -1.414214
4.414214 -1.414214
4.414214 1.414214
3.000000 2.828427
3.000000 1.000000
0.000000 1.000000
#7
10
0.000000 0.000000
1.000000 0.000000
2.000000 1.000000
2.000000 2.000000
1.000000 3.000000
1.000000 3.828427
0.292893 4.535534
0.292893 3.121320
-1.828427 1.000000
-1.000000 1.000000
#8
22
0.000000 0.000000
-2.000000 -2.000000
-1.292893 -2.707107
-0.585786 -2.000000
0.000000 -2.000000
0.000000 -2.602041
0.201056 -2.602041
0.908163 -3.309148
1.615270 -2.602041
2.000000 -2.602041
1.532125 -2.134166
1.782125 -1.884166
3.196338 -1.884166
3.903445 -1.177059
4.220336 -1.177059
2.806122 0.237155
2.806122 -1.177059
2.489232 -1.177059
2.239232 -1.427059
1.532125 -0.719952
0.825018 -1.427059
0.000000 -0.602041
