30
3 djf 222.000000 13212
2 zz 200.000000 12312
1 jay 100.000000 123
0 PhilFan 100.000000 123
4 admin 0.000000 0
5 admin 0.000000 0
6 admin 0.000000 0
7 admin 0.000000 0
8 admin 0.000000 0
9 admin 0.000000 0
10 admin 0.000000 0
11 admin 0.000000 0
12 admin 0.000000 0
13 admin 0.000000 0
14 admin 0.000000 0
15 admin 0.000000 0
16 admin 0.000000 0
17 admin 0.000000 0
18 admin 0.000000 0
19 admin 0.000000 0
20 admin 0.000000 0
21 admin 0.000000 0
22 admin 0.000000 0
23 admin 0.000000 0
24 admin 0.000000 0
25 admin 0.000000 0
26 admin 0.000000 0
27 admin 0.000000 0
28 admin 0.000000 0
29 admin 0.000000 0
