#0
1
6.300000 4.000000
6.300000 6.000000
4.300000 4.000000
2
6.300000 4.000000
8.300000 4.000000
6.300000 6.000000
3
8.300000 4.000000
9.300000 5.000000
7.300000 5.000000
4
8.300000 6.000000
7.300000 6.000000
8.300000 5.000000
5
9.300000 6.000000
9.300000 5.000000
10.300000 6.000000
6
9.300000 6.000000
8.300000 6.000000
8.300000 5.000000
9.300000 5.000000
7
8.300000 5.000000
7.300000 6.000000
6.300000 6.000000
7.300000 5.000000
#1
1
7.000000 6.000000
7.000000 8.000000
5.000000 6.000000
2
7.000000 6.000000
9.000000 6.000000
7.000000 8.000000
3
7.000000 6.000000
6.000000 5.000000
8.000000 5.000000
4
7.707107 5.292893
8.414214 6.000000
7.000000 6.000000
5
8.414214 6.000000
7.707107 5.292893
9.121320 5.292893
6
7.500000 5.000000
6.500000 5.000000
6.500000 4.000000
7.500000 4.000000
7
4.878680 5.292893
6.292893 5.292893
7.000000 6.000000
5.585786 6.000000
#2
1
8.150000 4.900000
8.150000 6.900000
6.150000 4.900000
2
6.150000 4.900000
6.150000 2.900000
8.150000 4.900000
3
5.150000 3.900000
6.150000 2.900000
6.150000 4.900000
4
5.150000 5.900000
5.150000 4.900000
6.150000 5.900000
5
7.150000 6.900000
7.150000 5.900000
8.150000 6.900000
6
6.150000 6.900000
5.150000 6.900000
5.150000 5.900000
6.150000 5.900000
7
6.150000 5.900000
5.150000 4.900000
5.150000 3.900000
6.150000 4.900000
#3
1
6.900000 6.000000
4.900000 6.000000
6.900000 4.000000
2
4.900000 4.000000
6.900000 4.000000
4.900000 6.000000
3
7.900000 5.000000
6.900000 6.000000
6.900000 4.000000
4
7.900000 4.000000
7.900000 5.000000
6.900000 4.000000
5
8.900000 6.000000
7.900000 6.000000
8.900000 5.000000
6
8.900000 5.000000
7.900000 5.000000
7.900000 4.000000
8.900000 4.000000
7
8.900000 5.000000
7.900000 6.000000
6.900000 6.000000
7.900000 5.000000
#4
1
6.914214 5.614214
5.500000 4.200000
8.328427 4.200000
2
5.500000 4.200000
6.914214 5.614214
4.085786 5.614214
3
5.500000 4.200000
4.500000 5.200000
4.500000 3.200000
4
8.328427 5.614214
7.621320 6.321320
7.621320 4.907107
5
8.328427 5.614214
9.035534 4.907107
9.035534 6.321320
6
8.328427 5.614214
7.621320 4.907107
8.328427 4.200000
9.035534 4.907107
7
9.328427 3.200000
8.328427 4.200000
7.328427 4.200000
8.328427 3.200000
#5
1
7.500000 4.000000
8.914214 2.585786
8.914214 5.414214
2
8.914214 5.414214
7.500000 6.828427
7.500000 4.000000
3
7.500000 2.585786
8.914214 2.585786
7.500000 4.000000
4
5.500000 4.000000
6.500000 4.000000
5.500000 5.000000
5
7.500000 5.000000
6.500000 5.000000
7.500000 4.000000
6
5.500000 5.000000
4.500000 5.000000
4.500000 4.000000
5.500000 4.000000
7
7.500000 4.000000
6.500000 5.000000
5.500000 5.000000
6.500000 4.000000
#6
1
6.085786 5.414214
7.500000 4.000000
7.500000 6.828427
2
6.085786 5.414214
4.671573 4.000000
7.500000 4.000000
3
8.500000 5.000000
7.500000 6.000000
7.500000 4.000000
4
7.500000 6.828427
6.792893 7.535534
6.792893 6.121320
5
6.500000 4.000000
5.500000 4.000000
6.500000 3.000000
6
7.500000 4.000000
6.500000 4.000000
6.500000 3.000000
7.500000 3.000000
7
7.500000 3.000000
8.500000 4.000000
8.500000 5.000000
7.500000 4.000000
